Donald Trump:
MSE: 0.168179
PCA_Matrix:
[[  2.35767849e-01  -6.01267741e-03   9.30974577e-02 ...,  -3.28170071e-03
   -3.92358298e-02  -5.61457345e-03]
 [  2.35544039e-01  -6.63707489e-03   9.47026263e-02 ...,  -4.00936158e-02
   -1.03638083e-02  -9.29497168e-03]
 [  1.05393137e-01  -4.02033273e-02  -2.44192350e-01 ...,  -1.19596630e-01
    7.02911528e-02   2.21834112e-02]
 ..., 
 [  1.63515014e-01  -4.88242511e-02  -5.44668967e-03 ...,   2.08400057e-02
   -1.45301625e-01   1.11949076e-02]
 [  8.87659975e-03   4.71682230e-02  -1.80701988e-01 ...,  -1.55334713e-03
   -2.23446564e-02  -6.63491491e-04]
 [  2.77476369e-03  -9.27070100e-03   1.38829438e-01 ...,  -5.09305454e-05
    5.84379046e-03   4.63603043e-02]]

Ted Cruz:
MSE: 0.159805
PCA_Matrix:
[[ -2.35414203e-01  -1.64194120e-02   9.63522730e-02 ...,  -3.08558325e-03
   -3.82962892e-02  -1.17427132e-02]
 [ -2.35178777e-01  -1.73769678e-02   9.78092824e-02 ...,  -3.91845578e-02
   -1.02277782e-02  -1.10440605e-02]
 [ -1.05803066e-01  -1.15658275e-02  -2.59293563e-01 ...,  -1.15358488e-01
    6.22033576e-02   3.68236329e-02]
 ..., 
 [ -1.63104312e-01  -5.23405532e-02  -1.70143783e-02 ...,   1.46357134e-02
   -1.28630033e-01  -2.38596317e-04]
 [ -2.21068344e-02   1.73216292e-01  -1.47943107e-01 ...,   1.45323649e-02
   -7.24770851e-02  -8.68207786e-02]
 [ -3.80590104e-02   1.38582529e-01  -6.85023451e-02 ...,  -5.08790254e-03
   -1.59481984e-04   2.91282673e-02]]

Hillary Clinton:
MSE: 0.199906
PCA_Matrix:
[[  2.36860419e-01  -7.21988563e-03   9.65001918e-02 ...,  -1.47298326e-01
   -2.32358667e-01   2.21466835e-01]
 [  2.36591877e-01  -7.47502697e-03   9.81799100e-02 ...,  -6.88283835e-02
   -2.41754892e-01  -3.10488543e-03]
 [  1.07122934e-01  -4.13841290e-02  -2.53732834e-01 ...,  -7.30386587e-03
   -1.05090518e-02  -8.61973420e-04]
 ..., 
 [  1.62718304e-01  -3.75443043e-02  -1.50492684e-02 ...,  -4.80796049e-03
   -9.94348235e-03   1.62614426e-03]
 [ -1.21207551e-02  -7.42662638e-02  -4.68155250e-02 ...,   1.42226804e-03
    8.94285984e-05  -5.31462427e-04]
 [ -3.01612543e-03  -5.69762038e-02   9.38043752e-02 ...,  -4.92831963e-03
    3.14848831e-03   4.55046982e-04]]

Bernie Sanders:
MSE: 0.287847
PCA_Matrix:
[[ 0.23670117  0.01373983 -0.08880164 ..., -0.14684864 -0.2312812
   0.22106718]
 [ 0.23642477  0.01431594 -0.09068627 ..., -0.06760369 -0.24201287
  -0.00359012]
 [ 0.10739814  0.02170184  0.24826083 ..., -0.00707816 -0.01063582
  -0.00088614]
 ..., 
 [ 0.16251335  0.04093888  0.00787879 ..., -0.00494464 -0.00990604
   0.00161935]
 [ 0.02501098 -0.08130966  0.17779069 ...,  0.00448873 -0.00384841
   0.00106054]
 [-0.01243956  0.17287881 -0.12950689 ..., -0.00203559 -0.00200884
   0.00200726]]

