Donald Trump:
MSE: 0.335946
PCA_Matrix:
[[ 0.23503199]
 [ 0.23475509]
 [ 0.11006042]
 [ 0.234755  ]
 [ 0.0537868 ]
 [ 0.04131876]
 [-0.08374578]
 [ 0.03218056]
 [-0.03115625]
 [ 0.01554327]
 [-0.00484399]
 [ 0.15833007]
 [ 0.04484189]
 [ 0.04122117]
 [ 0.05781825]
 [-0.06399602]
 [-0.07172721]
 [ 0.13274592]
 [ 0.0852278 ]
 [ 0.0565239 ]
 [ 0.13187803]
 [ 0.22327676]
 [-0.00636636]
 [ 0.23361486]
 [-0.09013638]
 [ 0.15654803]
 [ 0.0960951 ]
 [ 0.2344185 ]
 [ 0.04731653]
 [ 0.10030739]
 [ 0.09304275]
 [-0.04001733]
 [ 0.2333716 ]
 [ 0.23164122]
 [ 0.01799012]
 [ 0.22637919]
 [ 0.22946673]
 [ 0.05185453]
 [ 0.00995803]
 [ 0.16476403]
 [ 0.08131941]
 [ 0.08665509]
 [ 0.07181525]
 [ 0.1800808 ]
 [ 0.19166484]
 [ 0.23266471]
 [ 0.09305807]
 [ 0.18087775]
 [ 0.20721873]
 [ 0.03592094]
 [ 0.16537353]
 [ 0.00687447]
 [ 0.00143557]]

Ted Cruz:
MSE: 0.330166
PCA_Matrix:
[[ 0.23471235]
 [ 0.23442477]
 [ 0.11041158]
 [ 0.23442471]
 [ 0.05427377]
 [ 0.04177758]
 [-0.08390556]
 [ 0.03171155]
 [-0.03140762]
 [ 0.01577192]
 [-0.00464564]
 [ 0.15813725]
 [ 0.04491574]
 [ 0.04112665]
 [ 0.05947385]
 [-0.06534173]
 [-0.07188114]
 [ 0.13370709]
 [ 0.08662833]
 [ 0.05544562]
 [ 0.13153118]
 [ 0.22297096]
 [-0.00644544]
 [ 0.23327397]
 [-0.09032154]
 [ 0.15615549]
 [ 0.09559298]
 [ 0.23406422]
 [ 0.04832853]
 [ 0.09997566]
 [ 0.09285433]
 [-0.03963488]
 [ 0.23301166]
 [ 0.23126378]
 [ 0.01827533]
 [ 0.22609327]
 [ 0.22915195]
 [ 0.051864  ]
 [ 0.01001103]
 [ 0.16453197]
 [ 0.0811641 ]
 [ 0.08739488]
 [ 0.07147938]
 [ 0.17973175]
 [ 0.19134328]
 [ 0.23231977]
 [ 0.09275328]
 [ 0.18062553]
 [ 0.20704313]
 [ 0.03628076]
 [ 0.16498488]
 [ 0.01954003]
 [ 0.03697455]]

Hillary Clinton:
MSE: 0.265237
PCA_Matrix:
[[ 0.23623022]
 [ 0.23591353]
 [ 0.1117799 ]
 [ 0.23591365]
 [ 0.05422242]
 [ 0.04144412]
 [-0.08949462]
 [ 0.03157918]
 [-0.0306345 ]
 [ 0.01525006]
 [-0.00615288]
 [ 0.15832042]
 [ 0.04500448]
 [ 0.04208448]
 [ 0.05603213]
 [-0.06331732]
 [-0.07317768]
 [ 0.13248393]
 [ 0.0836218 ]
 [ 0.04343956]
 [ 0.12375764]
 [ 0.22371716]
 [ 0.00369468]
 [ 0.23480106]
 [-0.09143081]
 [ 0.15503549]
 [ 0.08987209]
 [ 0.23561759]
 [ 0.05113608]
 [ 0.09173905]
 [ 0.08895216]
 [-0.03048004]
 [ 0.23471918]
 [ 0.23291769]
 [ 0.0184114 ]
 [ 0.22785503]
 [ 0.23089534]
 [ 0.05112619]
 [ 0.01031765]
 [ 0.16632125]
 [ 0.08230556]
 [ 0.08458412]
 [ 0.07377908]
 [ 0.17995127]
 [ 0.19237462]
 [ 0.23369548]
 [ 0.08701681]
 [ 0.18224643]
 [ 0.20886325]
 [ 0.03265384]
 [ 0.16444479]
 [-0.01235107]
 [-0.00239554]]

Bernie Sanders:
MSE: 0.381132
PCA_Matrix:
[[-0.2361974 ]
 [-0.23587331]
 [-0.11189134]
 [-0.23587346]
 [-0.05475161]
 [-0.04180813]
 [ 0.08950711]
 [-0.03125066]
 [ 0.03000994]
 [-0.01471751]
 [ 0.0064024 ]
 [-0.15823457]
 [-0.04497066]
 [-0.04161157]
 [-0.05690555]
 [ 0.06346861]
 [ 0.07290459]
 [-0.13157202]
 [-0.08429537]
 [-0.04329768]
 [-0.12359782]
 [-0.22362636]
 [-0.00332722]
 [-0.23473529]
 [ 0.09127604]
 [-0.15488242]
 [-0.08946552]
 [-0.2355595 ]
 [-0.05150647]
 [-0.09194108]
 [-0.08927705]
 [ 0.03093835]
 [-0.2346574 ]
 [-0.2328861 ]
 [-0.01854698]
 [-0.22781768]
 [-0.23083989]
 [-0.05075965]
 [-0.01008883]
 [-0.16613898]
 [-0.08225188]
 [-0.08503617]
 [-0.07336238]
 [-0.17999837]
 [-0.19239313]
 [-0.23364351]
 [-0.08676303]
 [-0.18214885]
 [-0.20892935]
 [-0.0326855 ]
 [-0.1642893 ]
 [-0.0238005 ]
 [ 0.01185264]]

